
STRUcture
   1,0.130526,-0.991445,0.000000
   2,0.382683,-0.923880,0.000000
   3,0.608761,-0.793353,0.000000
   4,0.793353,-0.608761,0.000000
   5,0.923880,-0.382683,0.000000
   6,0.991445,-0.130526,0.000000
   7,0.991445,0.130526,0.000000
   8,0.923880,0.382683,0.000000
   9,0.793353,0.608761,0.000000
  10,0.608761,0.793353,0.000000
  11,0.382683,0.923880,0.000000
  12,0.130526,0.991445,0.000000
  13,-0.130526,0.991445,0.000000
  14,-0.382683,0.923880,0.000000
  15,-0.608761,0.793353,0.000000
  16,-0.793353,0.608761,0.000000
  17,-0.923880,0.382683,0.000000
  18,-0.991445,0.130526,0.000000
  19,-0.991445,-0.130526,0.000000
  20,-0.923880,-0.382683,0.000000
  21,-0.793353,-0.608761,0.000000
  22,-0.608761,-0.793353,0.000000
  23,-0.382683,-0.923880,0.000000
  24,-0.130526,-0.991445,0.000000
