COORdinates
   1,   0,-0.010000,-0.000000,0.000000
   2,   0,-0.010000,-0.000000,0.005000
   3,   0,-0.015000,-0.000000,0.005000
   4,   0,-0.015000,-0.000000,0.000000
   5,   0,-0.009659,-0.002588,0.000000
   6,   0,-0.009659,-0.002588,0.005000
   7,   0,-0.014489,-0.003882,0.005000
   8,   0,-0.014489,-0.003882,0.000000
   9,   0,-0.008660,-0.005000,0.000000
  10,   0,-0.008660,-0.005000,0.005000
  11,   0,-0.012990,-0.007500,0.005000
  12,   0,-0.012990,-0.007500,0.000000
  13,   0,-0.007071,-0.007071,0.000000
  14,   0,-0.007071,-0.007071,0.005000
  15,   0,-0.010607,-0.010607,0.005000
  16,   0,-0.010607,-0.010607,0.000000
  17,   0,-0.005000,-0.008660,0.000000
  18,   0,-0.005000,-0.008660,0.005000
  19,   0,-0.007500,-0.012990,0.005000
  20,   0,-0.007500,-0.012990,0.000000
  21,   0,-0.002588,-0.009659,0.000000
  22,   0,-0.002588,-0.009659,0.005000
  23,   0,-0.003882,-0.014489,0.005000
  24,   0,-0.003882,-0.014489,0.000000
  25,   0,0.000000,-0.010000,0.000000
  26,   0,0.000000,-0.010000,0.005000
  27,   0,0.000000,-0.015000,0.005000
  28,   0,0.000000,-0.015000,0.000000
  29,   0,0.002588,-0.009659,0.000000
  30,   0,0.002588,-0.009659,0.005000
  31,   0,0.003882,-0.014489,0.005000
  32,   0,0.003882,-0.014489,0.000000
  33,   0,0.005000,-0.008660,0.000000
  34,   0,0.005000,-0.008660,0.005000
  35,   0,0.007500,-0.012990,0.005000
  36,   0,0.007500,-0.012990,0.000000
  37,   0,0.007071,-0.007071,0.000000
  38,   0,0.007071,-0.007071,0.005000
  39,   0,0.010607,-0.010607,0.005000
  40,   0,0.010607,-0.010607,0.000000
  41,   0,0.008660,-0.005000,0.000000
  42,   0,0.008660,-0.005000,0.005000
  43,   0,0.012990,-0.007500,0.005000
  44,   0,0.012990,-0.007500,0.000000
  45,   0,0.009659,-0.002588,0.000000
  46,   0,0.009659,-0.002588,0.005000
  47,   0,0.014489,-0.003882,0.005000
  48,   0,0.014489,-0.003882,0.000000
  49,   0,0.010000,0.000000,0.000000
  50,   0,0.010000,0.000000,0.005000
  51,   0,0.015000,0.000000,0.005000
  52,   0,0.015000,0.000000,0.000000
  53,   0,0.009659,0.002588,0.000000
  54,   0,0.009659,0.002588,0.005000
  55,   0,0.014489,0.003882,0.005000
  56,   0,0.014489,0.003882,0.000000
  57,   0,0.008660,0.005000,0.000000
  58,   0,0.008660,0.005000,0.005000
  59,   0,0.012990,0.007500,0.005000
  60,   0,0.012990,0.007500,0.000000
  61,   0,0.007071,0.007071,0.000000
  62,   0,0.007071,0.007071,0.005000
  63,   0,0.010607,0.010607,0.005000
  64,   0,0.010607,0.010607,0.000000
  65,   0,0.005000,0.008660,0.000000
  66,   0,0.005000,0.008660,0.005000
  67,   0,0.007500,0.012990,0.005000
  68,   0,0.007500,0.012990,0.000000
  69,   0,0.002588,0.009659,0.000000
  70,   0,0.002588,0.009659,0.005000
  71,   0,0.003882,0.014489,0.005000
  72,   0,0.003882,0.014489,0.000000
  73,   0,0.000000,0.010000,0.000000
  74,   0,0.000000,0.010000,0.005000
  75,   0,0.000000,0.015000,0.005000
  76,   0,0.000000,0.015000,0.000000
  77,   0,-0.002588,0.009659,0.000000
  78,   0,-0.002588,0.009659,0.005000
  79,   0,-0.003882,0.014489,0.005000
  80,   0,-0.003882,0.014489,0.000000
  81,   0,-0.005000,0.008660,0.000000
  82,   0,-0.005000,0.008660,0.005000
  83,   0,-0.007500,0.012990,0.005000
  84,   0,-0.007500,0.012990,0.000000
  85,   0,-0.007071,0.007071,0.000000
  86,   0,-0.007071,0.007071,0.005000
  87,   0,-0.010607,0.010607,0.005000
  88,   0,-0.010607,0.010607,0.000000
  89,   0,-0.008660,0.005000,0.000000
  90,   0,-0.008660,0.005000,0.005000
  91,   0,-0.012990,0.007500,0.005000
  92,   0,-0.012990,0.007500,0.000000
  93,   0,-0.009659,0.002588,0.000000
  94,   0,-0.009659,0.002588,0.005000
  95,   0,-0.014489,0.003882,0.005000
  96,   0,-0.014489,0.003882,0.000000

ELEMents
   1,   0,   1,   1,   2,   3,   4,   5,   6,   7,   8
   2,   0,   1,   5,   6,   7,   8,   9,  10,  11,  12
   3,   0,   1,   9,  10,  11,  12,  13,  14,  15,  16
   4,   0,   1,  13,  14,  15,  16,  17,  18,  19,  20
   5,   0,   1,  17,  18,  19,  20,  21,  22,  23,  24
   6,   0,   1,  21,  22,  23,  24,  25,  26,  27,  28
   7,   0,   1,  25,  26,  27,  28,  29,  30,  31,  32
   8,   0,   1,  29,  30,  31,  32,  33,  34,  35,  36
   9,   0,   1,  33,  34,  35,  36,  37,  38,  39,  40
  10,   0,   1,  37,  38,  39,  40,  41,  42,  43,  44
  11,   0,   1,  41,  42,  43,  44,  45,  46,  47,  48
  12,   0,   1,  45,  46,  47,  48,  49,  50,  51,  52
  13,   0,   1,  49,  50,  51,  52,  53,  54,  55,  56
  14,   0,   1,  53,  54,  55,  56,  57,  58,  59,  60
  15,   0,   1,  57,  58,  59,  60,  61,  62,  63,  64
  16,   0,   1,  61,  62,  63,  64,  65,  66,  67,  68
  17,   0,   1,  65,  66,  67,  68,  69,  70,  71,  72
  18,   0,   1,  69,  70,  71,  72,  73,  74,  75,  76
  19,   0,   1,  73,  74,  75,  76,  77,  78,  79,  80
  20,   0,   1,  77,  78,  79,  80,  81,  82,  83,  84
  21,   0,   1,  81,  82,  83,  84,  85,  86,  87,  88
  22,   0,   1,  85,  86,  87,  88,  89,  90,  91,  92
  23,   0,   1,  89,  90,  91,  92,  93,  94,  95,  96
  24,   0,   1,  93,  94,  95,  96,   1,   2,   3,   4
