 FEAP *** inflated fiber reinforced soft ring - circum. b.c. top surf. linked in

     Solution date: Sat Aug  1 19:53:34 2026

              Release 8.7.1b      
              03 July 2026        

     Input Data Filename: Isweep                                                                                                                          

     Number of Nodal Points  - - - - - - :      350
     Number of Elements  - - - - - - - - :      168

     Spatial Dimension of Mesh - - - - - :        3
     Degrees-of-Freedom/Node (Maximum) - :        3
     Equations/Element       (Maximum) - :        0
     Number Element Nodes    (Maximum) - :        8

     Number of Material Sets - - - - - - :        2
     Number Parameters/Set   (Program) - :      350
     Number Parameters/Set   (Users  ) - :      150

     Number Added Element Equations  - - :        0

  C o n s t a n t    V a l u e s

     Constant pi =  3.14159265E+00
     Constant pr =  1.00000000E+04
     Constant ri =  1.00000000E-02
     Constant ro =  1.50000000E-02
     Constant ht =  5.00000000E-03
     Constant nl =  6.00000000E+00
     Constant lt =  8.33333333E-04
     Constant to =  1.00000000E-04
     Constant em =  1.04993000E+05
     Constant nu =  4.99900000E-01
     Constant rh =  1.06000000E+03
     Constant dt =  1.00000000E-01
     Constant ta =  1.00000000E+00
     Constant ln =  5.00000000E+01
     Constant la =  3.00000000E+00

 FEAP *** inflated fiber reinforced soft ring - circum. b.c. top surf. linked i

   M a t e r i a l    P r o p e r t i e s

     Material Set Number   1: Element Type: SOLId:                           
     Degree of Freedom Assignments    Local    Global
                                     Number    Number
                                        1         1
                                        2         2
                                        3         3

     T h r e e   D i m e n s i o n a l   S o l i d   E l e m e n t

     M e c h a n i c a l   P r o p e r t i e s

     NeoHookean Stored Energy Function 

          3-Dimensional Analysis

          Modulus E        1.04993E+05
          Poisson ratio    0.49990
          Bulk Modulus     1.74988E+08
          Shear Modulus    3.50000E+04

          Volume Model     2
               1: U(J) = 0.25*(J**2 - 1 - 2 * ln J)
               2: U(J) = 0.50*(J - 1)**2
               3: U(J) = 0.50*(ln J)**2
               4: U(J) = 2.00*(J - 1 - ln J)
               5: None: Incompressible

          Density          1.06000E+03

          1-Gravity Load   0.00000E+00
          2-Gravity Load   0.00000E+00
          3-Gravity Load   0.00000E+00
          Wave speed - c_o 4.06359E+02
          Implicit time integration: theta =:, 0.00000

     C o n s t i t u t i v e    S t a r t

          Start state  : Elastic

     E l e m e n t    M o d e l

          Formulation  : Finite Deformation Mixed       
          Element type : Mixed
          Plot Output  : On
          Augmenting   : Off
          Interpolation: Lagrangian Polynomials
          Mass type    : Consistent.
          History terms/pt  =     0

 FEAP *** inflated fiber reinforced soft ring - circum. b.c. top surf. linked i

   M a t e r i a l    P r o p e r t i e s

     Material Set Number   2: Element Type: PRESs:                           
     Degree of Freedom Assignments    Local    Global
                                     Number    Number
                                        1         1
                                        2         2
                                        3         3

     P r e s s u r e   L o a d i n g

          Loading Intensity      1.0000E+00
          Proportional Load No.           0
          Gradient Intensity     0.0000E+00
          Proportional Load No.           0
          Three dimensional analysis
          Gauss quadrature
          Surface plot on 

 FEAP *** inflated fiber reinforced soft ring - circum. b.c. top surf. linked in 

   3-D   M e s h   f r o m   2-D   M e s h

           2-d File Name: Isect.rev      

  C o n s t a n t    V a l u e s

     Constant pr =  1.00000000E+05
     Constant ri =  1.00000000E-02
     Constant ro =  1.50000000E-02
     Constant ht =  5.00000000E-03
     Constant em =  1.00000000E+06
     Constant nu =  4.20000000E-01
     Constant rh =  1.06000000E+03
 --> WARNING: Duplicate material number    1 specified

 FEAP *** inflated fiber reinforced soft ring - circum. b.c. top surf. linked i

   M a t e r i a l    P r o p e r t i e s

     Material Set Number   1: Element Type: SOLId:                           
     Degree of Freedom Assignments    Local    Global
                                     Number    Number
                                        1         1
                                        2         2
                                        3         3

     T h r e e   D i m e n s i o n a l   S o l i d   E l e m e n t

     M e c h a n i c a l   P r o p e r t i e s

          3-Dimensional Analysis

          Modulus E        1.00000E+06
          Poisson ratio    0.42000

          Density          1.06000E+03

          1-Gravity Load   0.00000E+00
          2-Gravity Load   0.00000E+00
          3-Gravity Load   0.00000E+00
          Wave speed - c_o 4.90746E+01
          Implicit time integration: theta =:, 0.00000

     C o n s t i t u t i v e    S t a r t

          Start state  : Elastic

     E l e m e n t    M o d e l

          Formulation  : Small Deformation.
          Element type : Displacement
          Plot Output  : On
          Interpolation: Lagrangian Polynomials
          Mass type    : Consistent.
          History terms/pt  =     0
 --> WARNING: Duplicate material number    2 specified

 FEAP *** inflated fiber reinforced soft ring - circum. b.c. top surf. linked i

   M a t e r i a l    P r o p e r t i e s

     Material Set Number   2: Element Type: PRESs:                           
     Degree of Freedom Assignments    Local    Global
                                     Number    Number
                                        1         1
                                        2         2
                                        3         3

     P r e s s u r e   L o a d i n g

          Loading Intensity      1.0000E+00
          Proportional Load No.           0
          Gradient Intensity     0.0000E+00
          Proportional Load No.           0
          Three dimensional analysis
          Gauss quadrature
          Surface plot on 

           Spline Definition for 3-d mesh

            Cylindrical sweep
           Generate   24 segments

           Rotate on   4 axis

           Center at:  0.0000E+00  0.0000E+00  0.0000E+00

           Node     1-Coord     2-Coord     3-Coord
              1  0.0000E+00  0.0000E+00  0.0000E+00
              2  3.6000E+02  0.0000E+00  0.0000E+00

 FEAP *** inflated fiber reinforced soft ring - circum. b.c. top surf. linked in 

   N o d a l   C o o r d i n a t e s

      Node     1-Coord     2-Coord     3-Coord
         1  1.0000E-02  0.0000E+00  8.0000E-04
         2  1.0833E-02  0.0000E+00  8.0000E-04
         3  1.1667E-02  0.0000E+00  8.0000E-04
         4  1.2500E-02  0.0000E+00  8.0000E-04
         5  1.3333E-02  0.0000E+00  8.0000E-04
         6  1.4167E-02  0.0000E+00  8.0000E-04
         7  1.5000E-02  0.0000E+00  8.0000E-04
         8  1.0000E-02  0.0000E+00  0.0000E+00
         9  1.0833E-02  0.0000E+00  0.0000E+00
        10  1.1667E-02  0.0000E+00  0.0000E+00
        11  1.2500E-02  0.0000E+00  0.0000E+00
        12  1.3333E-02  0.0000E+00  0.0000E+00
        13  1.4167E-02  0.0000E+00  0.0000E+00
        14  1.5000E-02  0.0000E+00  0.0000E+00
        15  9.6593E-03  2.5882E-03  8.0000E-04
        16  1.0464E-02  2.8039E-03  8.0000E-04
        17  1.1269E-02  3.0196E-03  8.0000E-04
        18  1.2074E-02  3.2352E-03  8.0000E-04
        19  1.2879E-02  3.4509E-03  8.0000E-04
        20  1.3684E-02  3.6666E-03  8.0000E-04
        21  1.4489E-02  3.8823E-03  8.0000E-04
        22  9.6593E-03  2.5882E-03  0.0000E+00
        23  1.0464E-02  2.8039E-03  0.0000E+00
        24  1.1269E-02  3.0196E-03  0.0000E+00
        25  1.2074E-02  3.2352E-03  0.0000E+00
        26  1.2879E-02  3.4509E-03  0.0000E+00
        27  1.3684E-02  3.6666E-03  0.0000E+00
        28  1.4489E-02  3.8823E-03  0.0000E+00
        29  8.6603E-03  5.0000E-03  8.0000E-04
        30  9.3819E-03  5.4167E-03  8.0000E-04
        31  1.0104E-02  5.8333E-03  8.0000E-04
        32  1.0825E-02  6.2500E-03  8.0000E-04
        33  1.1547E-02  6.6667E-03  8.0000E-04
        34  1.2269E-02  7.0833E-03  8.0000E-04
        35  1.2990E-02  7.5000E-03  8.0000E-04
        36  8.6603E-03  5.0000E-03  0.0000E+00
        37  9.3819E-03  5.4167E-03  0.0000E+00
        38  1.0104E-02  5.8333E-03  0.0000E+00
        39  1.0825E-02  6.2500E-03  0.0000E+00
        40  1.1547E-02  6.6667E-03  0.0000E+00
        41  1.2269E-02  7.0833E-03  0.0000E+00
        42  1.2990E-02  7.5000E-03  0.0000E+00
        43  7.0711E-03  7.0711E-03  8.0000E-04
        44  7.6603E-03  7.6603E-03  8.0000E-04
        45  8.2496E-03  8.2496E-03  8.0000E-04
        46  8.8388E-03  8.8388E-03  8.0000E-04
        47  9.4281E-03  9.4281E-03  8.0000E-04
        48  1.0017E-02  1.0017E-02  8.0000E-04
        49  1.0607E-02  1.0607E-02  8.0000E-04
        50  7.0711E-03  7.0711E-03  0.0000E+00
        51  7.6603E-03  7.6603E-03  0.0000E+00
        52  8.2496E-03  8.2496E-03  0.0000E+00
        53  8.8388E-03  8.8388E-03  0.0000E+00
        54  9.4281E-03  9.4281E-03  0.0000E+00
        55  1.0017E-02  1.0017E-02  0.0000E+00
        56  1.0607E-02  1.0607E-02  0.0000E+00
        57  5.0000E-03  8.6603E-03  8.0000E-04
        58  5.4167E-03  9.3819E-03  8.0000E-04
        59  5.8333E-03  1.0104E-02  8.0000E-04
        60  6.2500E-03  1.0825E-02  8.0000E-04
        61  6.6667E-03  1.1547E-02  8.0000E-04
        62  7.0833E-03  1.2269E-02  8.0000E-04
        63  7.5000E-03  1.2990E-02  8.0000E-04
        64  5.0000E-03  8.6603E-03  0.0000E+00
        65  5.4167E-03  9.3819E-03  0.0000E+00
        66  5.8333E-03  1.0104E-02  0.0000E+00
        67  6.2500E-03  1.0825E-02  0.0000E+00
        68  6.6667E-03  1.1547E-02  0.0000E+00
        69  7.0833E-03  1.2269E-02  0.0000E+00
        70  7.5000E-03  1.2990E-02  0.0000E+00
        71  2.5882E-03  9.6593E-03  8.0000E-04
        72  2.8039E-03  1.0464E-02  8.0000E-04
        73  3.0196E-03  1.1269E-02  8.0000E-04
        74  3.2352E-03  1.2074E-02  8.0000E-04
        75  3.4509E-03  1.2879E-02  8.0000E-04
        76  3.6666E-03  1.3684E-02  8.0000E-04
        77  3.8823E-03  1.4489E-02  8.0000E-04
        78  2.5882E-03  9.6593E-03  0.0000E+00
        79  2.8039E-03  1.0464E-02  0.0000E+00
        80  3.0196E-03  1.1269E-02  0.0000E+00
        81  3.2352E-03  1.2074E-02  0.0000E+00
        82  3.4509E-03  1.2879E-02  0.0000E+00
        83  3.6666E-03  1.3684E-02  0.0000E+00
        84  3.8823E-03  1.4489E-02  0.0000E+00
        85  6.1232E-19  1.0000E-02  8.0000E-04
        86  6.6335E-19  1.0833E-02  8.0000E-04
        87  7.1438E-19  1.1667E-02  8.0000E-04
        88  7.6540E-19  1.2500E-02  8.0000E-04
        89  8.1643E-19  1.3333E-02  8.0000E-04
        90  8.6746E-19  1.4167E-02  8.0000E-04
        91  9.1849E-19  1.5000E-02  8.0000E-04
        92  6.1232E-19  1.0000E-02  0.0000E+00
        93  6.6335E-19  1.0833E-02  0.0000E+00
        94  7.1438E-19  1.1667E-02  0.0000E+00
        95  7.6540E-19  1.2500E-02  0.0000E+00
        96  8.1643E-19  1.3333E-02  0.0000E+00
        97  8.6746E-19  1.4167E-02  0.0000E+00
        98  9.1849E-19  1.5000E-02  0.0000E+00
        99 -2.5882E-03  9.6593E-03  8.0000E-04
       100 -2.8039E-03  1.0464E-02  8.0000E-04
       101 -3.0196E-03  1.1269E-02  8.0000E-04
       102 -3.2352E-03  1.2074E-02  8.0000E-04
       103 -3.4509E-03  1.2879E-02  8.0000E-04
       104 -3.6666E-03  1.3684E-02  8.0000E-04
       105 -3.8823E-03  1.4489E-02  8.0000E-04
       106 -2.5882E-03  9.6593E-03  0.0000E+00
       107 -2.8039E-03  1.0464E-02  0.0000E+00
       108 -3.0196E-03  1.1269E-02  0.0000E+00
       109 -3.2352E-03  1.2074E-02  0.0000E+00
       110 -3.4509E-03  1.2879E-02  0.0000E+00
       111 -3.6666E-03  1.3684E-02  0.0000E+00
       112 -3.8823E-03  1.4489E-02  0.0000E+00
       113 -5.0000E-03  8.6603E-03  8.0000E-04
       114 -5.4167E-03  9.3819E-03  8.0000E-04
       115 -5.8333E-03  1.0104E-02  8.0000E-04
       116 -6.2500E-03  1.0825E-02  8.0000E-04
       117 -6.6667E-03  1.1547E-02  8.0000E-04
       118 -7.0833E-03  1.2269E-02  8.0000E-04
       119 -7.5000E-03  1.2990E-02  8.0000E-04
       120 -5.0000E-03  8.6603E-03  0.0000E+00
       121 -5.4167E-03  9.3819E-03  0.0000E+00
       122 -5.8333E-03  1.0104E-02  0.0000E+00
       123 -6.2500E-03  1.0825E-02  0.0000E+00
       124 -6.6667E-03  1.1547E-02  0.0000E+00
       125 -7.0833E-03  1.2269E-02  0.0000E+00
       126 -7.5000E-03  1.2990E-02  0.0000E+00
       127 -7.0711E-03  7.0711E-03  8.0000E-04
       128 -7.6603E-03  7.6603E-03  8.0000E-04
       129 -8.2496E-03  8.2496E-03  8.0000E-04
       130 -8.8388E-03  8.8388E-03  8.0000E-04
       131 -9.4281E-03  9.4281E-03  8.0000E-04
       132 -1.0017E-02  1.0017E-02  8.0000E-04
       133 -1.0607E-02  1.0607E-02  8.0000E-04
       134 -7.0711E-03  7.0711E-03  0.0000E+00
       135 -7.6603E-03  7.6603E-03  0.0000E+00
       136 -8.2496E-03  8.2496E-03  0.0000E+00
       137 -8.8388E-03  8.8388E-03  0.0000E+00
       138 -9.4281E-03  9.4281E-03  0.0000E+00
       139 -1.0017E-02  1.0017E-02  0.0000E+00
       140 -1.0607E-02  1.0607E-02  0.0000E+00
       141 -8.6603E-03  5.0000E-03  8.0000E-04
       142 -9.3819E-03  5.4167E-03  8.0000E-04
       143 -1.0104E-02  5.8333E-03  8.0000E-04
       144 -1.0825E-02  6.2500E-03  8.0000E-04
       145 -1.1547E-02  6.6667E-03  8.0000E-04
       146 -1.2269E-02  7.0833E-03  8.0000E-04
       147 -1.2990E-02  7.5000E-03  8.0000E-04
       148 -8.6603E-03  5.0000E-03  0.0000E+00
       149 -9.3819E-03  5.4167E-03  0.0000E+00
       150 -1.0104E-02  5.8333E-03  0.0000E+00
       151 -1.0825E-02  6.2500E-03  0.0000E+00
       152 -1.1547E-02  6.6667E-03  0.0000E+00
       153 -1.2269E-02  7.0833E-03  0.0000E+00
       154 -1.2990E-02  7.5000E-03  0.0000E+00
       155 -9.6593E-03  2.5882E-03  8.0000E-04
       156 -1.0464E-02  2.8039E-03  8.0000E-04
       157 -1.1269E-02  3.0196E-03  8.0000E-04
       158 -1.2074E-02  3.2352E-03  8.0000E-04
       159 -1.2879E-02  3.4509E-03  8.0000E-04
       160 -1.3684E-02  3.6666E-03  8.0000E-04
       161 -1.4489E-02  3.8823E-03  8.0000E-04
       162 -9.6593E-03  2.5882E-03  0.0000E+00
       163 -1.0464E-02  2.8039E-03  0.0000E+00
       164 -1.1269E-02  3.0196E-03  0.0000E+00
       165 -1.2074E-02  3.2352E-03  0.0000E+00
       166 -1.2879E-02  3.4509E-03  0.0000E+00
       167 -1.3684E-02  3.6666E-03  0.0000E+00
       168 -1.4489E-02  3.8823E-03  0.0000E+00
       169 -1.0000E-02  1.2246E-18  8.0000E-04
       170 -1.0833E-02  1.3267E-18  8.0000E-04
       171 -1.1667E-02  1.4288E-18  8.0000E-04
       172 -1.2500E-02  1.5308E-18  8.0000E-04
       173 -1.3333E-02  1.6329E-18  8.0000E-04
       174 -1.4167E-02  1.7349E-18  8.0000E-04
       175 -1.5000E-02  1.8370E-18  8.0000E-04
       176 -1.0000E-02  1.2246E-18  0.0000E+00
       177 -1.0833E-02  1.3267E-18  0.0000E+00
       178 -1.1667E-02  1.4288E-18  0.0000E+00
       179 -1.2500E-02  1.5308E-18  0.0000E+00
       180 -1.3333E-02  1.6329E-18  0.0000E+00
       181 -1.4167E-02  1.7349E-18  0.0000E+00
       182 -1.5000E-02  1.8370E-18  0.0000E+00
       183 -9.6593E-03 -2.5882E-03  8.0000E-04
       184 -1.0464E-02 -2.8039E-03  8.0000E-04
       185 -1.1269E-02 -3.0196E-03  8.0000E-04
       186 -1.2074E-02 -3.2352E-03  8.0000E-04
       187 -1.2879E-02 -3.4509E-03  8.0000E-04
       188 -1.3684E-02 -3.6666E-03  8.0000E-04
       189 -1.4489E-02 -3.8823E-03  8.0000E-04
       190 -9.6593E-03 -2.5882E-03  0.0000E+00
       191 -1.0464E-02 -2.8039E-03  0.0000E+00
       192 -1.1269E-02 -3.0196E-03  0.0000E+00
       193 -1.2074E-02 -3.2352E-03  0.0000E+00
       194 -1.2879E-02 -3.4509E-03  0.0000E+00
       195 -1.3684E-02 -3.6666E-03  0.0000E+00
       196 -1.4489E-02 -3.8823E-03  0.0000E+00
       197 -8.6603E-03 -5.0000E-03  8.0000E-04
       198 -9.3819E-03 -5.4167E-03  8.0000E-04
       199 -1.0104E-02 -5.8333E-03  8.0000E-04
       200 -1.0825E-02 -6.2500E-03  8.0000E-04
       201 -1.1547E-02 -6.6667E-03  8.0000E-04
       202 -1.2269E-02 -7.0833E-03  8.0000E-04
       203 -1.2990E-02 -7.5000E-03  8.0000E-04
       204 -8.6603E-03 -5.0000E-03  0.0000E+00
       205 -9.3819E-03 -5.4167E-03  0.0000E+00
       206 -1.0104E-02 -5.8333E-03  0.0000E+00
       207 -1.0825E-02 -6.2500E-03  0.0000E+00
       208 -1.1547E-02 -6.6667E-03  0.0000E+00
       209 -1.2269E-02 -7.0833E-03  0.0000E+00
       210 -1.2990E-02 -7.5000E-03  0.0000E+00
       211 -7.0711E-03 -7.0711E-03  8.0000E-04
       212 -7.6603E-03 -7.6603E-03  8.0000E-04
       213 -8.2496E-03 -8.2496E-03  8.0000E-04
       214 -8.8388E-03 -8.8388E-03  8.0000E-04
       215 -9.4281E-03 -9.4281E-03  8.0000E-04
       216 -1.0017E-02 -1.0017E-02  8.0000E-04
       217 -1.0607E-02 -1.0607E-02  8.0000E-04
       218 -7.0711E-03 -7.0711E-03  0.0000E+00
       219 -7.6603E-03 -7.6603E-03  0.0000E+00
       220 -8.2496E-03 -8.2496E-03  0.0000E+00
       221 -8.8388E-03 -8.8388E-03  0.0000E+00
       222 -9.4281E-03 -9.4281E-03  0.0000E+00
       223 -1.0017E-02 -1.0017E-02  0.0000E+00
       224 -1.0607E-02 -1.0607E-02  0.0000E+00
       225 -5.0000E-03 -8.6603E-03  8.0000E-04
       226 -5.4167E-03 -9.3819E-03  8.0000E-04
       227 -5.8333E-03 -1.0104E-02  8.0000E-04
       228 -6.2500E-03 -1.0825E-02  8.0000E-04
       229 -6.6667E-03 -1.1547E-02  8.0000E-04
       230 -7.0833E-03 -1.2269E-02  8.0000E-04
       231 -7.5000E-03 -1.2990E-02  8.0000E-04
       232 -5.0000E-03 -8.6603E-03  0.0000E+00
       233 -5.4167E-03 -9.3819E-03  0.0000E+00
       234 -5.8333E-03 -1.0104E-02  0.0000E+00
       235 -6.2500E-03 -1.0825E-02  0.0000E+00
       236 -6.6667E-03 -1.1547E-02  0.0000E+00
       237 -7.0833E-03 -1.2269E-02  0.0000E+00
       238 -7.5000E-03 -1.2990E-02  0.0000E+00
       239 -2.5882E-03 -9.6593E-03  8.0000E-04
       240 -2.8039E-03 -1.0464E-02  8.0000E-04
       241 -3.0196E-03 -1.1269E-02  8.0000E-04
       242 -3.2352E-03 -1.2074E-02  8.0000E-04
       243 -3.4509E-03 -1.2879E-02  8.0000E-04
       244 -3.6666E-03 -1.3684E-02  8.0000E-04
       245 -3.8823E-03 -1.4489E-02  8.0000E-04
       246 -2.5882E-03 -9.6593E-03  0.0000E+00
       247 -2.8039E-03 -1.0464E-02  0.0000E+00
       248 -3.0196E-03 -1.1269E-02  0.0000E+00
       249 -3.2352E-03 -1.2074E-02  0.0000E+00
       250 -3.4509E-03 -1.2879E-02  0.0000E+00
       251 -3.6666E-03 -1.3684E-02  0.0000E+00
       252 -3.8823E-03 -1.4489E-02  0.0000E+00
       253 -1.8370E-18 -1.0000E-02  8.0000E-04
       254 -1.9901E-18 -1.0833E-02  8.0000E-04
       255 -2.1431E-18 -1.1667E-02  8.0000E-04
       256 -2.2962E-18 -1.2500E-02  8.0000E-04
       257 -2.4493E-18 -1.3333E-02  8.0000E-04
       258 -2.6024E-18 -1.4167E-02  8.0000E-04
       259 -2.7555E-18 -1.5000E-02  8.0000E-04
       260 -1.8370E-18 -1.0000E-02  0.0000E+00
       261 -1.9901E-18 -1.0833E-02  0.0000E+00
       262 -2.1431E-18 -1.1667E-02  0.0000E+00
       263 -2.2962E-18 -1.2500E-02  0.0000E+00
       264 -2.4493E-18 -1.3333E-02  0.0000E+00
       265 -2.6024E-18 -1.4167E-02  0.0000E+00
       266 -2.7555E-18 -1.5000E-02  0.0000E+00
       267  2.5882E-03 -9.6593E-03  8.0000E-04
       268  2.8039E-03 -1.0464E-02  8.0000E-04
       269  3.0196E-03 -1.1269E-02  8.0000E-04
       270  3.2352E-03 -1.2074E-02  8.0000E-04
       271  3.4509E-03 -1.2879E-02  8.0000E-04
       272  3.6666E-03 -1.3684E-02  8.0000E-04
       273  3.8823E-03 -1.4489E-02  8.0000E-04
       274  2.5882E-03 -9.6593E-03  0.0000E+00
       275  2.8039E-03 -1.0464E-02  0.0000E+00
       276  3.0196E-03 -1.1269E-02  0.0000E+00
       277  3.2352E-03 -1.2074E-02  0.0000E+00
       278  3.4509E-03 -1.2879E-02  0.0000E+00
       279  3.6666E-03 -1.3684E-02  0.0000E+00
       280  3.8823E-03 -1.4489E-02  0.0000E+00
       281  5.0000E-03 -8.6603E-03  8.0000E-04
       282  5.4167E-03 -9.3819E-03  8.0000E-04
       283  5.8333E-03 -1.0104E-02  8.0000E-04
       284  6.2500E-03 -1.0825E-02  8.0000E-04
       285  6.6667E-03 -1.1547E-02  8.0000E-04
       286  7.0833E-03 -1.2269E-02  8.0000E-04
       287  7.5000E-03 -1.2990E-02  8.0000E-04
       288  5.0000E-03 -8.6603E-03  0.0000E+00
       289  5.4167E-03 -9.3819E-03  0.0000E+00
       290  5.8333E-03 -1.0104E-02  0.0000E+00
       291  6.2500E-03 -1.0825E-02  0.0000E+00
       292  6.6667E-03 -1.1547E-02  0.0000E+00
       293  7.0833E-03 -1.2269E-02  0.0000E+00
       294  7.5000E-03 -1.2990E-02  0.0000E+00
       295  7.0711E-03 -7.0711E-03  8.0000E-04
       296  7.6603E-03 -7.6603E-03  8.0000E-04
       297  8.2496E-03 -8.2496E-03  8.0000E-04
       298  8.8388E-03 -8.8388E-03  8.0000E-04
       299  9.4281E-03 -9.4281E-03  8.0000E-04
       300  1.0017E-02 -1.0017E-02  8.0000E-04
       301  1.0607E-02 -1.0607E-02  8.0000E-04
       302  7.0711E-03 -7.0711E-03  0.0000E+00
       303  7.6603E-03 -7.6603E-03  0.0000E+00
       304  8.2496E-03 -8.2496E-03  0.0000E+00
       305  8.8388E-03 -8.8388E-03  0.0000E+00
       306  9.4281E-03 -9.4281E-03  0.0000E+00
       307  1.0017E-02 -1.0017E-02  0.0000E+00
       308  1.0607E-02 -1.0607E-02  0.0000E+00
       309  8.6603E-03 -5.0000E-03  8.0000E-04
       310  9.3819E-03 -5.4167E-03  8.0000E-04
       311  1.0104E-02 -5.8333E-03  8.0000E-04
       312  1.0825E-02 -6.2500E-03  8.0000E-04
       313  1.1547E-02 -6.6667E-03  8.0000E-04
       314  1.2269E-02 -7.0833E-03  8.0000E-04
       315  1.2990E-02 -7.5000E-03  8.0000E-04
       316  8.6603E-03 -5.0000E-03  0.0000E+00
       317  9.3819E-03 -5.4167E-03  0.0000E+00
       318  1.0104E-02 -5.8333E-03  0.0000E+00
       319  1.0825E-02 -6.2500E-03  0.0000E+00
       320  1.1547E-02 -6.6667E-03  0.0000E+00
       321  1.2269E-02 -7.0833E-03  0.0000E+00
       322  1.2990E-02 -7.5000E-03  0.0000E+00
       323  9.6593E-03 -2.5882E-03  8.0000E-04
       324  1.0464E-02 -2.8039E-03  8.0000E-04
       325  1.1269E-02 -3.0196E-03  8.0000E-04
       326  1.2074E-02 -3.2352E-03  8.0000E-04
       327  1.2879E-02 -3.4509E-03  8.0000E-04
       328  1.3684E-02 -3.6666E-03  8.0000E-04
       329  1.4489E-02 -3.8823E-03  8.0000E-04
       330  9.6593E-03 -2.5882E-03  0.0000E+00
       331  1.0464E-02 -2.8039E-03  0.0000E+00
       332  1.1269E-02 -3.0196E-03  0.0000E+00
       333  1.2074E-02 -3.2352E-03  0.0000E+00
       334  1.2879E-02 -3.4509E-03  0.0000E+00
       335  1.3684E-02 -3.6666E-03  0.0000E+00
       336  1.4489E-02 -3.8823E-03  0.0000E+00
       337  1.0000E-02 -2.4493E-18  8.0000E-04
       338  1.0833E-02 -2.6534E-18  8.0000E-04
       339  1.1667E-02 -2.8575E-18  8.0000E-04
       340  1.2500E-02 -3.0616E-18  8.0000E-04
       341  1.3333E-02 -3.2657E-18  8.0000E-04
       342  1.4167E-02 -3.4698E-18  8.0000E-04
       343  1.5000E-02 -3.6739E-18  8.0000E-04
       344  1.0000E-02 -2.4493E-18  0.0000E+00
       345  1.0833E-02 -2.6534E-18  0.0000E+00
       346  1.1667E-02 -2.8575E-18  0.0000E+00
       347  1.2500E-02 -3.0616E-18  0.0000E+00
       348  1.3333E-02 -3.2657E-18  0.0000E+00
       349  1.4167E-02 -3.4698E-18  0.0000E+00
       350  1.5000E-02 -3.6739E-18  0.0000E+00

 FEAP *** inflated fiber reinforced soft ring - circum. b.c. top surf. linked in 

   E l e m e n t   C o n n e c t i o n s

    Elem Mat Reg  1-Node  2-Node  3-Node  4-Node  5-Node  6-Node  7-Node  8-Node
       1   1   0       1       2       9       8      15      16      23      22
       2   1   0       2       3      10       9      16      17      24      23
       3   1   0       3       4      11      10      17      18      25      24
       4   1   0       4       5      12      11      18      19      26      25
       5   1   0       5       6      13      12      19      20      27      26
       6   1   0       6       7      14      13      20      21      28      27
       7   2   0       1       8      22      15
       8   1   0      15      16      23      22      29      30      37      36
       9   1   0      16      17      24      23      30      31      38      37
      10   1   0      17      18      25      24      31      32      39      38
      11   1   0      18      19      26      25      32      33      40      39
      12   1   0      19      20      27      26      33      34      41      40
      13   1   0      20      21      28      27      34      35      42      41
      14   2   0      15      22      36      29
      15   1   0      29      30      37      36      43      44      51      50
      16   1   0      30      31      38      37      44      45      52      51
      17   1   0      31      32      39      38      45      46      53      52
      18   1   0      32      33      40      39      46      47      54      53
      19   1   0      33      34      41      40      47      48      55      54
      20   1   0      34      35      42      41      48      49      56      55
      21   2   0      29      36      50      43
      22   1   0      43      44      51      50      57      58      65      64
      23   1   0      44      45      52      51      58      59      66      65
      24   1   0      45      46      53      52      59      60      67      66
      25   1   0      46      47      54      53      60      61      68      67
      26   1   0      47      48      55      54      61      62      69      68
      27   1   0      48      49      56      55      62      63      70      69
      28   2   0      43      50      64      57
      29   1   0      57      58      65      64      71      72      79      78
      30   1   0      58      59      66      65      72      73      80      79
      31   1   0      59      60      67      66      73      74      81      80
      32   1   0      60      61      68      67      74      75      82      81
      33   1   0      61      62      69      68      75      76      83      82
      34   1   0      62      63      70      69      76      77      84      83
      35   2   0      57      64      78      71
      36   1   0      71      72      79      78      85      86      93      92
      37   1   0      72      73      80      79      86      87      94      93
      38   1   0      73      74      81      80      87      88      95      94
      39   1   0      74      75      82      81      88      89      96      95
      40   1   0      75      76      83      82      89      90      97      96
      41   1   0      76      77      84      83      90      91      98      97
      42   2   0      71      78      92      85
      43   1   0      85      86      93      92      99     100     107     106
      44   1   0      86      87      94      93     100     101     108     107
      45   1   0      87      88      95      94     101     102     109     108
      46   1   0      88      89      96      95     102     103     110     109
      47   1   0      89      90      97      96     103     104     111     110
      48   1   0      90      91      98      97     104     105     112     111
      49   2   0      85      92     106      99
      50   1   0      99     100     107     106     113     114     121     120
      51   1   0     100     101     108     107     114     115     122     121
      52   1   0     101     102     109     108     115     116     123     122
      53   1   0     102     103     110     109     116     117     124     123
      54   1   0     103     104     111     110     117     118     125     124
      55   1   0     104     105     112     111     118     119     126     125
      56   2   0      99     106     120     113
      57   1   0     113     114     121     120     127     128     135     134
      58   1   0     114     115     122     121     128     129     136     135
      59   1   0     115     116     123     122     129     130     137     136
      60   1   0     116     117     124     123     130     131     138     137
      61   1   0     117     118     125     124     131     132     139     138
      62   1   0     118     119     126     125     132     133     140     139
      63   2   0     113     120     134     127
      64   1   0     127     128     135     134     141     142     149     148
      65   1   0     128     129     136     135     142     143     150     149
      66   1   0     129     130     137     136     143     144     151     150
      67   1   0     130     131     138     137     144     145     152     151
      68   1   0     131     132     139     138     145     146     153     152
      69   1   0     132     133     140     139     146     147     154     153
      70   2   0     127     134     148     141
      71   1   0     141     142     149     148     155     156     163     162
      72   1   0     142     143     150     149     156     157     164     163
      73   1   0     143     144     151     150     157     158     165     164
      74   1   0     144     145     152     151     158     159     166     165
      75   1   0     145     146     153     152     159     160     167     166
      76   1   0     146     147     154     153     160     161     168     167
      77   2   0     141     148     162     155
      78   1   0     155     156     163     162     169     170     177     176
      79   1   0     156     157     164     163     170     171     178     177
      80   1   0     157     158     165     164     171     172     179     178
      81   1   0     158     159     166     165     172     173     180     179
      82   1   0     159     160     167     166     173     174     181     180
      83   1   0     160     161     168     167     174     175     182     181
      84   2   0     155     162     176     169
      85   1   0     169     170     177     176     183     184     191     190
      86   1   0     170     171     178     177     184     185     192     191
      87   1   0     171     172     179     178     185     186     193     192
      88   1   0     172     173     180     179     186     187     194     193
      89   1   0     173     174     181     180     187     188     195     194
      90   1   0     174     175     182     181     188     189     196     195
      91   2   0     169     176     190     183
      92   1   0     183     184     191     190     197     198     205     204
      93   1   0     184     185     192     191     198     199     206     205
      94   1   0     185     186     193     192     199     200     207     206
      95   1   0     186     187     194     193     200     201     208     207
      96   1   0     187     188     195     194     201     202     209     208
      97   1   0     188     189     196     195     202     203     210     209
      98   2   0     183     190     204     197
      99   1   0     197     198     205     204     211     212     219     218
     100   1   0     198     199     206     205     212     213     220     219
     101   1   0     199     200     207     206     213     214     221     220
     102   1   0     200     201     208     207     214     215     222     221
     103   1   0     201     202     209     208     215     216     223     222
     104   1   0     202     203     210     209     216     217     224     223
     105   2   0     197     204     218     211
     106   1   0     211     212     219     218     225     226     233     232
     107   1   0     212     213     220     219     226     227     234     233
     108   1   0     213     214     221     220     227     228     235     234
     109   1   0     214     215     222     221     228     229     236     235
     110   1   0     215     216     223     222     229     230     237     236
     111   1   0     216     217     224     223     230     231     238     237
     112   2   0     211     218     232     225
     113   1   0     225     226     233     232     239     240     247     246
     114   1   0     226     227     234     233     240     241     248     247
     115   1   0     227     228     235     234     241     242     249     248
     116   1   0     228     229     236     235     242     243     250     249
     117   1   0     229     230     237     236     243     244     251     250
     118   1   0     230     231     238     237     244     245     252     251
     119   2   0     225     232     246     239
     120   1   0     239     240     247     246     253     254     261     260
     121   1   0     240     241     248     247     254     255     262     261
     122   1   0     241     242     249     248     255     256     263     262
     123   1   0     242     243     250     249     256     257     264     263
     124   1   0     243     244     251     250     257     258     265     264
     125   1   0     244     245     252     251     258     259     266     265
     126   2   0     239     246     260     253
     127   1   0     253     254     261     260     267     268     275     274
     128   1   0     254     255     262     261     268     269     276     275
     129   1   0     255     256     263     262     269     270     277     276
     130   1   0     256     257     264     263     270     271     278     277
     131   1   0     257     258     265     264     271     272     279     278
     132   1   0     258     259     266     265     272     273     280     279
     133   2   0     253     260     274     267
     134   1   0     267     268     275     274     281     282     289     288
     135   1   0     268     269     276     275     282     283     290     289
     136   1   0     269     270     277     276     283     284     291     290
     137   1   0     270     271     278     277     284     285     292     291
     138   1   0     271     272     279     278     285     286     293     292
     139   1   0     272     273     280     279     286     287     294     293
     140   2   0     267     274     288     281
     141   1   0     281     282     289     288     295     296     303     302
     142   1   0     282     283     290     289     296     297     304     303
     143   1   0     283     284     291     290     297     298     305     304
     144   1   0     284     285     292     291     298     299     306     305
     145   1   0     285     286     293     292     299     300     307     306
     146   1   0     286     287     294     293     300     301     308     307
     147   2   0     281     288     302     295
     148   1   0     295     296     303     302     309     310     317     316
     149   1   0     296     297     304     303     310     311     318     317
     150   1   0     297     298     305     304     311     312     319     318
     151   1   0     298     299     306     305     312     313     320     319
     152   1   0     299     300     307     306     313     314     321     320
     153   1   0     300     301     308     307     314     315     322     321
     154   2   0     295     302     316     309
     155   1   0     309     310     317     316     323     324     331     330
     156   1   0     310     311     318     317     324     325     332     331
     157   1   0     311     312     319     318     325     326     333     332
     158   1   0     312     313     320     319     326     327     334     333
     159   1   0     313     314     321     320     327     328     335     334
     160   1   0     314     315     322     321     328     329     336     335
     161   2   0     309     316     330     323
     162   1   0     323     324     331     330     337     338     345     344
     163   1   0     324     325     332     331     338     339     346     345
     164   1   0     325     326     333     332     339     340     347     346
     165   1   0     326     327     334     333     340     341     348     347
     166   1   0     327     328     335     334     341     342     349     348
     167   1   0     328     329     336     335     342     343     350     349
     168   2   0     323     330     344     337

     E l e m e n t   S i z e   V a l u e s
          h-minimum =  8.0000E-04
          h-maximum =  3.9967E-03

     Tie all nodes with common coordinates


      Gap Tolerance =  5.3452E-05



       T i e  - - -  N o d a l   C o o r d i n a t e s

          The following nodes have been deleted:

            2      3      4      5      6      7      9     10     11     12
           13     14    337    344

         14 nodes merged by the tie command


 FEAP *** inflated fiber reinforced soft ring - circum. b.c. top surf. linked i

  E d g e    N o d a l    B.C.

    node  1-B.C.  2-B.C.  3-B.C.
       8       0       0       1
      22       0       0       1
      23       0       0       1
      24       0       0       1
      25       0       0       1
      26       0       0       1
      27       0       0       1
      28       0       0       1
      36       0       0       1
      37       0       0       1
      38       0       0       1
      39       0       0       1
      40       0       0       1
      41       0       0       1
      42       0       0       1
      50       0       0       1
      51       0       0       1
      52       0       0       1
      53       0       0       1
      54       0       0       1
      55       0       0       1
      56       0       0       1
      64       0       0       1
      65       0       0       1
      66       0       0       1
      67       0       0       1
      68       0       0       1
      69       0       0       1
      70       0       0       1
      78       0       0       1
      79       0       0       1
      80       0       0       1
      81       0       0       1
      82       0       0       1
      83       0       0       1
      84       0       0       1
      92       0       0       1
      93       0       0       1
      94       0       0       1
      95       0       0       1
      96       0       0       1
      97       0       0       1
      98       0       0       1
     106       0       0       1
     107       0       0       1
     108       0       0       1
     109       0       0       1
     110       0       0       1
     111       0       0       1
     112       0       0       1
     120       0       0       1
     121       0       0       1
     122       0       0       1
     123       0       0       1
     124       0       0       1
     125       0       0       1
     126       0       0       1
     134       0       0       1
     135       0       0       1
     136       0       0       1
     137       0       0       1
     138       0       0       1
     139       0       0       1
     140       0       0       1
     148       0       0       1
     149       0       0       1
     150       0       0       1
     151       0       0       1
     152       0       0       1
     153       0       0       1
     154       0       0       1
     162       0       0       1
     163       0       0       1
     164       0       0       1
     165       0       0       1
     166       0       0       1
     167       0       0       1
     168       0       0       1
     176       0       0       1
     177       0       0       1
     178       0       0       1
     179       0       0       1
     180       0       0       1
     181       0       0       1
     182       0       0       1
     190       0       0       1
     191       0       0       1
     192       0       0       1
     193       0       0       1
     194       0       0       1
     195       0       0       1
     196       0       0       1
     204       0       0       1
     205       0       0       1
     206       0       0       1
     207       0       0       1
     208       0       0       1
     209       0       0       1
     210       0       0       1
     218       0       0       1
     219       0       0       1
     220       0       0       1
     221       0       0       1
     222       0       0       1
     223       0       0       1
     224       0       0       1
     232       0       0       1
     233       0       0       1
     234       0       0       1
     235       0       0       1
     236       0       0       1
     237       0       0       1
     238       0       0       1
     246       0       0       1
     247       0       0       1
     248       0       0       1
     249       0       0       1
     250       0       0       1
     251       0       0       1
     252       0       0       1
     260       0       0       1
     261       0       0       1
     262       0       0       1
     263       0       0       1
     264       0       0       1
     265       0       0       1
     266       0       0       1
     274       0       0       1
     275       0       0       1
     276       0       0       1
     277       0       0       1
     278       0       0       1
     279       0       0       1
     280       0       0       1
     288       0       0       1
     289       0       0       1
     290       0       0       1
     291       0       0       1
     292       0       0       1
     293       0       0       1
     294       0       0       1
     302       0       0       1
     303       0       0       1
     304       0       0       1
     305       0       0       1
     306       0       0       1
     307       0       0       1
     308       0       0       1
     316       0       0       1
     317       0       0       1
     318       0       0       1
     319       0       0       1
     320       0       0       1
     321       0       0       1
     322       0       0       1
     330       0       0       1
     331       0       0       1
     332       0       0       1
     333       0       0       1
     334       0       0       1
     335       0       0       1
     336       0       0       1
     345       0       0       1
     346       0       0       1
     347       0       0       1
     348       0       0       1
     349       0       0       1
     350       0       0       1

       P o l a r    S u r f a c e

     x_Coord.     y_Coord.     z_Coord.
   0.0000E+00   0.0000E+00   0.0000E+00

 FEAP *** inflated fiber reinforced soft ring - circum. b.c. top surf. linked i

   C o o r d i n a t e    S u r f a c e   A n g l e s

      Node    1 Coord    2 Coord    3 Coord      Angle
         1  1.000E-02 -1.800E+02  0.000E+00 -1.800E+02
         2  1.000E-02 -1.800E+02  5.000E-03 -1.800E+02
         3  1.000E-02 -9.000E+01  5.000E-03 -9.000E+01
         4  1.000E-02 -9.000E+01  0.000E+00 -9.000E+01
         5  1.000E-02 -1.800E+02  2.500E-03 -1.800E+02
         6  1.000E-02 -1.350E+02  5.000E-03 -1.350E+02
         7  1.000E-02 -9.000E+01  2.500E-03 -9.000E+01
         8  1.000E-02 -1.350E+02  0.000E+00 -1.350E+02
         9  1.000E-02 -1.350E+02  2.500E-03 -1.350E+02

       N o d a l    A n g l e s

          Global Node    Angle

                 169 -1.800E+02
                 176 -1.800E+02
                 183 -1.650E+02
                 190 -1.650E+02
                 197 -1.500E+02
                 204 -1.500E+02
                 211 -1.350E+02
                 218 -1.350E+02
                 225 -1.200E+02
                 232 -1.200E+02
                 239 -1.050E+02
                 246 -1.050E+02
                 253 -9.000E+01
                 260 -9.000E+01

 FEAP *** inflated fiber reinforced soft ring - circum. b.c. top surf. linked i

   C o o r d i n a t e    S u r f a c e   A n g l e s

      Node    1 Coord    2 Coord    3 Coord      Angle
         1  1.000E-02 -9.000E+01  0.000E+00 -9.000E+01
         2  1.000E-02 -9.000E+01  5.000E-03 -9.000E+01
         3  1.000E-02  0.000E+00  5.000E-03  0.000E+00
         4  1.000E-02  0.000E+00  0.000E+00  0.000E+00
         5  1.000E-02 -9.000E+01  2.500E-03 -9.000E+01
         6  1.000E-02 -4.500E+01  5.000E-03 -4.500E+01
         7  1.000E-02  0.000E+00  2.500E-03  0.000E+00
         8  1.000E-02 -4.500E+01  0.000E+00 -4.500E+01
         9  1.000E-02 -4.500E+01  2.500E-03 -4.500E+01

       N o d a l    A n g l e s

          Global Node    Angle

                   1 -4.996E-15
                   8 -4.996E-15
                 253 -9.000E+01
                 260 -9.000E+01
                 267 -7.500E+01
                 274 -7.500E+01
                 281 -6.000E+01
                 288 -6.000E+01
                 295 -4.500E+01
                 302 -4.500E+01
                 309 -3.000E+01
                 316 -3.000E+01
                 323 -1.500E+01
                 330 -1.500E+01
                 337 -1.998E-14
                 344 -1.998E-14

 FEAP *** inflated fiber reinforced soft ring - circum. b.c. top surf. linked i

   C o o r d i n a t e    S u r f a c e   A n g l e s

      Node    1 Coord    2 Coord    3 Coord      Angle
         1  1.000E-02  0.000E+00  0.000E+00  0.000E+00
         2  1.000E-02  0.000E+00  5.000E-03  0.000E+00
         3  1.000E-02  9.000E+01  5.000E-03  9.000E+01
         4  1.000E-02  9.000E+01  0.000E+00  9.000E+01
         5  1.000E-02  0.000E+00  2.500E-03  0.000E+00
         6  1.000E-02  4.500E+01  5.000E-03  4.500E+01
         7  1.000E-02  9.000E+01  2.500E-03  9.000E+01
         8  1.000E-02  4.500E+01  0.000E+00  4.500E+01
         9  1.000E-02  4.500E+01  2.500E-03  4.500E+01

       N o d a l    A n g l e s

          Global Node    Angle

                   1  4.996E-15
                   8  4.996E-15
                  15  1.500E+01
                  22  1.500E+01
                  29  3.000E+01
                  36  3.000E+01
                  43  4.500E+01
                  50  4.500E+01
                  57  6.000E+01
                  64  6.000E+01
                  71  7.500E+01
                  78  7.500E+01
                  85  9.000E+01
                  92  9.000E+01
                 337 -9.992E-15
                 344 -9.992E-15

 FEAP *** inflated fiber reinforced soft ring - circum. b.c. top surf. linked i

   C o o r d i n a t e    S u r f a c e   A n g l e s

      Node    1 Coord    2 Coord    3 Coord      Angle
         1  1.000E-02  9.000E+01  0.000E+00  9.000E+01
         2  1.000E-02  9.000E+01  5.000E-03  9.000E+01
         3  1.000E-02  1.800E+02  5.000E-03  1.800E+02
         4  1.000E-02  1.800E+02  0.000E+00  1.800E+02
         5  1.000E-02  9.000E+01  2.500E-03  9.000E+01
         6  1.000E-02  1.350E+02  5.000E-03  1.350E+02
         7  1.000E-02  1.800E+02  2.500E-03  1.800E+02
         8  1.000E-02  1.350E+02  0.000E+00  1.350E+02
         9  1.000E-02  1.350E+02  2.500E-03  1.350E+02

       N o d a l    A n g l e s

          Global Node    Angle

                  85  9.000E+01
                  92  9.000E+01
                  99  1.050E+02
                 106  1.050E+02
                 113  1.200E+02
                 120  1.200E+02
                 127  1.350E+02
                 134  1.350E+02
                 141  1.500E+02
                 148  1.500E+02
                 155  1.650E+02
                 162  1.650E+02
                 169  1.800E+02
                 176  1.800E+02

       P o l a r    S u r f a c e

     x_Coord.     y_Coord.     z_Coord.
   0.0000E+00   0.0000E+00   0.0000E+00

 FEAP *** inflated fiber reinforced soft ring - circum. b.c. top surf. linked i

   C o o r d i n a t e   S u r f a c e   B o u n d a r y   C o n d i t i o n s

      Node    1 Coord    2 Coord    3 Coord 1-BC 2-BC 3-BC
                                               0    1    0
         1  9.900E-03 -1.800E+02  0.000E+00
         2  9.900E-03 -9.000E+01  0.000E+00
         3  1.010E-02 -9.000E+01  0.000E+00
         4  1.010E-02 -1.800E+02  0.000E+00
         5  9.900E-03 -1.350E+02  0.000E+00
         6  1.000E-02 -9.000E+01  0.000E+00
         7  1.010E-02 -1.350E+02  0.000E+00
         8  1.000E-02 -1.800E+02  0.000E+00
         9  1.000E-02 -1.350E+02  0.000E+00

      Node  1-BC  2-BC  3-BC
       176     0     1     1
       190     0     1     1
       204     0     1     1
       218     0     1     1
       232     0     1     1
       246     0     1     1
       260     0     1     1

 FEAP *** inflated fiber reinforced soft ring - circum. b.c. top surf. linked i

   C o o r d i n a t e   S u r f a c e   B o u n d a r y   C o n d i t i o n s

      Node    1 Coord    2 Coord    3 Coord 1-BC 2-BC 3-BC
                                               0    1    0
         1  9.900E-03 -9.000E+01  0.000E+00
         2  9.900E-03  0.000E+00  0.000E+00
         3  1.010E-02  0.000E+00  0.000E+00
         4  1.010E-02 -9.000E+01  0.000E+00
         5  9.900E-03 -4.500E+01  0.000E+00
         6  1.000E-02  0.000E+00  0.000E+00
         7  1.010E-02 -4.500E+01  0.000E+00
         8  1.000E-02 -9.000E+01  0.000E+00
         9  1.000E-02 -4.500E+01  0.000E+00

      Node  1-BC  2-BC  3-BC
         8     0     1     1
       260     0     2     1
       274     0     1     1
       288     0     1     1
       302     0     1     1
       316     0     1     1
       330     0     1     1
       344     1     2     1

 FEAP *** inflated fiber reinforced soft ring - circum. b.c. top surf. linked i

   C o o r d i n a t e   S u r f a c e   B o u n d a r y   C o n d i t i o n s

      Node    1 Coord    2 Coord    3 Coord 1-BC 2-BC 3-BC
                                               0    1    0
         1  9.900E-03  0.000E+00  0.000E+00
         2  9.900E-03  9.000E+01  0.000E+00
         3  1.010E-02  9.000E+01  0.000E+00
         4  1.010E-02  0.000E+00  0.000E+00
         5  9.900E-03  4.500E+01  0.000E+00
         6  1.000E-02  9.000E+01  0.000E+00
         7  1.010E-02  4.500E+01  0.000E+00
         8  1.000E-02  0.000E+00  0.000E+00
         9  1.000E-02  4.500E+01  0.000E+00

      Node  1-BC  2-BC  3-BC
         8     0     2     1
        22     0     1     1
        36     0     1     1
        50     0     1     1
        64     0     1     1
        78     0     1     1
        92     0     1     1
       344     1     3     1

 FEAP *** inflated fiber reinforced soft ring - circum. b.c. top surf. linked i

   C o o r d i n a t e   S u r f a c e   B o u n d a r y   C o n d i t i o n s

      Node    1 Coord    2 Coord    3 Coord 1-BC 2-BC 3-BC
                                               0    1    0
         1  9.900E-03  9.000E+01  0.000E+00
         2  9.900E-03  1.800E+02  0.000E+00
         3  1.010E-02  1.800E+02  0.000E+00
         4  1.010E-02  9.000E+01  0.000E+00
         5  9.900E-03  1.350E+02  0.000E+00
         6  1.000E-02  1.800E+02  0.000E+00
         7  1.010E-02  1.350E+02  0.000E+00
         8  1.000E-02  9.000E+01  0.000E+00
         9  1.000E-02  1.350E+02  0.000E+00

      Node  1-BC  2-BC  3-BC
        92     0     2     1
       106     0     1     1
       120     0     1     1
       134     0     1     1
       148     0     1     1
       162     0     1     1
       176     0     2     1

    Material  Element Set  Element Type  NH1/2 History  NH3 History  NH4 History
         1            1     Solid                 0            0            0
         2            2     Pressure              0            0            0

     P a r t i t i o n   1

     E q u a t i o n / P r o b l e m   S u m m a r y:

       Mesh dimension  (ndm) =         3 :  Number nodes     =             350
       Number dof/node (ndf) =         3 :  Number elements  =             168
       Element eqs.   (nadd) =         0 :  Number materials =               2
       Number rigid bodies   =         0 :  Number equations =             816
                                         :  Number global eq =               0
       Number joints         =         0 :  Number tang terms=           63354
       Transient integrator  = Static    :  Average col. ht. =              78


  ---------------------------- END OF MESH INPUTS ----------------------------


 FEAP *** inflated fiber reinforced soft ring - circum. b.c. top surf. linked i

     Solution Commands       Variable 1  Variable 2  Variable 3
       PROP                  1.0000E+00  0.0000E+00  0.0000E+00
 *Command   1 * prop                v:   1.00       0.00       0.00    
                                                         t=     0.079     0.009
  Proportional Load Table Number  1
  Type 2: Piecewise Linear Function Variation
  Linear Interpolation Table
   No.    Time        Value
    1   0.00000E+00   0.00000E+00
    2   1.00000E+00   1.00000E+00
 *End of Solution Execution*                             t=     0.080     0.009

 FEAP *** inflated fiber reinforced soft ring - circum. b.c. top surf. linked i

     Solution Commands       Variable 1  Variable 2  Variable 3
       PLOT      PERS        1.0000E+00  0.0000E+00  0.0000E+00
 *Command   1 * plot PERS           v:   1.00       0.00       0.00    
                                                         t=     0.080     0.009
 Body occupies the space with:
                 X             Y             Z
   Minimum   -1.50000E-02  -1.50000E-02   0.00000E+00
   Maximum    1.50000E-02   1.50000E-02   8.00000E-04
   View pt    1.00000E-01   3.00000E-02   2.00000E-01

   Components of vertical vector   (X,Y,Z).
          X= 1.00E-01, Y= 2.00E-01, Z= 5.00E-01

 *End of Solution Execution*                             t=     0.084     0.010

 FEAP *** inflated fiber reinforced soft ring - circum. b.c. top surf. linked i

     Solution Commands       Variable 1  Variable 2  Variable 3
       PLOT      HIDE        0.0000E+00  0.0000E+00  0.0000E+00
       PLOT      MESH        0.0000E+00  0.0000E+00  0.0000E+00
       PLOT      AXIS        0.0000E+00  0.0000E+00  0.0000E+00
       PLOT      CYLI        0.0000E+00  0.0000E+00  0.0000E+00
       PLOT      DEFO        0.0000E+00  0.0000E+00  0.0000E+00
 *Command   1 * plot HIDE           v:   0.00       0.00       0.00    
                                                         t=     0.085     0.010
 *Command   2 * plot MESH           v:   0.00       0.00       0.00    
                                                         t=     0.085     0.010
 *Command   3 * plot AXIS           v:   0.00       0.00       0.00    
                                                         t=     0.085     0.010
 *Command   4 * plot CYLI           v:   0.00       0.00       0.00    
                                                         t=     0.086     0.010
 *Command   5 * plot DEFO           v:   0.00       0.00       0.00    
                                                         t=     0.086     0.010
