 0.00000000E+00  0.0000E+00  0.0000E+00  0.0000E+00  0.0000E+00  0.0000E+00  0.0000E+00
 1.00000000E-01 -7.1565E+03  2.7217E+04  7.4400E+02 -8.0064E+02  7.8255E+00  1.6109E+02
 2.00000000E-01 -1.4633E+04  5.5671E+04  1.5316E+03 -1.6376E+03  1.5951E+01  3.2834E+02
 3.00000000E-01 -2.2440E+04  8.5403E+04  2.3653E+03 -2.5119E+03  2.4381E+01  5.0179E+02
 4.00000000E-01 -3.0584E+04  1.1644E+05  3.2476E+03 -3.4247E+03  3.3114E+01  6.8145E+02
 5.00000000E-01 -3.9073E+04  1.4882E+05  4.1812E+03 -4.3766E+03  4.2148E+01  8.6727E+02
 6.00000000E-01 -4.7909E+04  1.8256E+05  5.1685E+03 -5.3682E+03  5.1478E+01  1.0591E+03
 7.00000000E-01 -5.7095E+04  2.1767E+05  6.2120E+03 -6.3999E+03  6.1095E+01  1.2569E+03
 8.00000000E-01 -6.6630E+04  2.5414E+05  7.3138E+03 -7.4715E+03  7.0986E+01  1.4603E+03
 9.00000000E-01 -7.6509E+04  2.9197E+05  8.4759E+03 -8.5828E+03  8.1135E+01  1.6689E+03
