 0.00000000E+00  0.0000E+00  0.0000E+00  0.0000E+00  0.0000E+00  0.0000E+00  0.0000E+00  0.0000E+00  0.0000E+00  0.0000E+00  0.0000E+00
 1.00000000E-01 -9.2652E+03 -7.7069E+03 -6.3420E+03 -5.1483E+03 -4.0947E+03 -3.1595E+03 -2.3257E+03 -1.5787E+03 -9.0551E+02 -3.0309E+02
 2.00000000E-01 -1.8558E+04 -1.5488E+04 -1.2780E+04 -1.0399E+04 -8.2879E+03 -6.4067E+03 -4.7235E+03 -3.2110E+03 -1.8439E+03 -6.1691E+02
 3.00000000E-01 -2.7878E+04 -2.3344E+04 -1.9317E+04 -1.5756E+04 -1.2585E+04 -9.7468E+03 -7.1983E+03 -4.9005E+03 -2.8176E+03 -9.4213E+02
 4.00000000E-01 -3.7225E+04 -3.1277E+04 -2.5958E+04 -2.1226E+04 -1.6991E+04 -1.3186E+04 -9.7552E+03 -6.6515E+03 -3.8293E+03 -1.2794E+03
 5.00000000E-01 -4.6598E+04 -3.9290E+04 -3.2706E+04 -2.6814E+04 -2.1514E+04 -1.6730E+04 -1.2400E+04 -8.4686E+03 -4.8819E+03 -1.6296E+03
 6.00000000E-01 -5.5997E+04 -4.7383E+04 -3.9567E+04 -3.2526E+04 -2.6161E+04 -2.0388E+04 -1.5141E+04 -1.0357E+04 -5.9790E+03 -1.9934E+03
 7.00000000E-01 -6.5419E+04 -5.5559E+04 -4.6546E+04 -3.8371E+04 -3.0940E+04 -2.4168E+04 -1.7984E+04 -1.2324E+04 -7.1246E+03 -2.3716E+03
 8.00000000E-01 -7.4861E+04 -6.3817E+04 -5.3648E+04 -4.4357E+04 -3.5862E+04 -2.8079E+04 -2.0940E+04 -1.4376E+04 -8.3232E+03 -2.7650E+03
 9.00000000E-01 -8.4318E+04 -7.2158E+04 -6.0878E+04 -5.0494E+04 -4.0938E+04 -3.2135E+04 -2.4019E+04 -1.6523E+04 -9.5801E+03 -3.1740E+03
 1.00000000E+00 -9.3781E+04 -8.0579E+04 -6.8242E+04 -5.6791E+04 -4.6181E+04 -3.6349E+04 -2.7234E+04 -1.8773E+04 -1.0901E+04 -3.5988E+03
