 0.00000000E+00  0.0000E+00  0.0000E+00  0.0000E+00  0.0000E+00  0.0000E+00  0.0000E+00  0.0000E+00  0.0000E+00  0.0000E+00  0.0000E+00  0.0000E+00
 1.00000000E-01  3.1417E-04  3.0415E-04  2.9524E-04  2.8729E-04  2.8018E-04  2.7382E-04  2.6812E-04  2.6302E-04  2.5844E-04  2.5433E-04  2.5066E-04
 2.00000000E-01  6.5543E-04  6.3499E-04  6.1679E-04  6.0051E-04  5.8592E-04  5.7284E-04  5.6110E-04  5.5057E-04  5.4112E-04  5.3262E-04  5.2502E-04
 3.00000000E-01  1.0279E-03  9.9667E-04  9.6875E-04  9.4370E-04  9.2122E-04  9.0102E-04  8.8288E-04  8.6656E-04  8.5189E-04  8.3870E-04  8.2688E-04
 4.00000000E-01  1.4369E-03  1.3943E-03  1.3562E-03  1.3219E-03  1.2910E-03  1.2633E-03  1.2383E-03  1.2158E-03  1.1955E-03  1.1773E-03  1.1609E-03
 5.00000000E-01  1.8886E-03  1.8342E-03  1.7853E-03  1.7413E-03  1.7016E-03  1.6658E-03  1.6334E-03  1.6043E-03  1.5780E-03  1.5543E-03  1.5330E-03
 6.00000000E-01  2.3912E-03  2.3244E-03  2.2642E-03  2.2098E-03  2.1606E-03  2.1162E-03  2.0760E-03  2.0397E-03  2.0069E-03  1.9773E-03  1.9506E-03
 7.00000000E-01  2.9552E-03  2.8753E-03  2.8031E-03  2.7376E-03  2.6784E-03  2.6246E-03  2.5760E-03  2.5319E-03  2.4920E-03  2.4560E-03  2.4234E-03
 8.00000000E-01  3.5943E-03  3.5005E-03  3.4155E-03  3.3382E-03  3.2680E-03  3.2043E-03  3.1464E-03  3.0939E-03  3.0463E-03  3.0031E-03  2.9641E-03
 9.00000000E-01  4.3268E-03  4.2183E-03  4.1195E-03  4.0295E-03  3.9476E-03  3.8729E-03  3.8049E-03  3.7431E-03  3.6870E-03  3.6360E-03  3.5898E-03
 1.00000000E+00  5.1781E-03  5.0538E-03  4.9403E-03  4.8365E-03  4.7416E-03  4.6550E-03  4.5759E-03  4.5039E-03  4.4382E-03  4.3785E-03  4.3243E-03
