 0.00000000E+00  0.0000E+00  0.0000E+00  0.0000E+00  0.0000E+00  0.0000E+00  0.0000E+00  0.0000E+00  0.0000E+00  0.0000E+00  0.0000E+00  0.0000E+00
 1.00000000E-01  3.0488E-04  2.9445E-04  2.8511E-04  2.7674E-04  2.6921E-04  2.6242E-04  2.5630E-04  2.5076E-04  2.4576E-04  2.4123E-04  2.3712E-04
 2.00000000E-01  6.3510E-04  6.1388E-04  5.9484E-04  5.7773E-04  5.6231E-04  5.4839E-04  5.3581E-04  5.2442E-04  5.1411E-04  5.0476E-04  4.9628E-04
 3.00000000E-01  9.9444E-04  9.6206E-04  9.3291E-04  9.0666E-04  8.8296E-04  8.6152E-04  8.4211E-04  8.2451E-04  8.0855E-04  7.9407E-04  7.8091E-04
 4.00000000E-01  1.3875E-03  1.3435E-03  1.3039E-03  1.2680E-03  1.2356E-03  1.2062E-03  1.1796E-03  1.1554E-03  1.1334E-03  1.1134E-03  1.0952E-03
 5.00000000E-01  1.8201E-03  1.7640E-03  1.7133E-03  1.6674E-03  1.6258E-03  1.5879E-03  1.5536E-03  1.5223E-03  1.4939E-03  1.4680E-03  1.4445E-03
 6.00000000E-01  2.2992E-03  2.2306E-03  2.1683E-03  2.1118E-03  2.0604E-03  2.0136E-03  1.9710E-03  1.9322E-03  1.8968E-03  1.8646E-03  1.8352E-03
 7.00000000E-01  2.8342E-03  2.7525E-03  2.6779E-03  2.6101E-03  2.5483E-03  2.4920E-03  2.4406E-03  2.3936E-03  2.3508E-03  2.3117E-03  2.2760E-03
 8.00000000E-01  3.4369E-03  3.3413E-03  3.2538E-03  3.1740E-03  3.1012E-03  3.0345E-03  2.9736E-03  2.9179E-03  2.8669E-03  2.8203E-03  2.7777E-03
 9.00000000E-01  4.1230E-03  4.0127E-03  3.9116E-03  3.8190E-03  3.7342E-03  3.6565E-03  3.5852E-03  3.5199E-03  3.4601E-03  3.4054E-03  3.3551E-03
 1.00000000E+00  4.9139E-03  4.7881E-03  4.6722E-03  4.5659E-03  4.4682E-03  4.3785E-03  4.2960E-03  4.2202E-03  4.1506E-03  4.0869E-03  4.0283E-03
