 0.00000000E+00  0.0000E+00  0.0000E+00  0.0000E+00  0.0000E+00  0.0000E+00  0.0000E+00  0.0000E+00  0.0000E+00  0.0000E+00  0.0000E+00
 1.00000000E-01  2.6600E+04  2.4907E+04  2.3449E+04  2.2177E+04  2.1059E+04  2.0071E+04  1.9193E+04  1.8409E+04  1.7706E+04  1.7065E+04
 2.00000000E-01  5.5831E+04  5.2267E+04  4.9194E+04  4.6512E+04  4.4154E+04  4.2069E+04  4.0217E+04  3.8565E+04  3.7083E+04  3.5731E+04
 3.00000000E-01  8.8178E+04  8.2525E+04  7.7645E+04  7.3385E+04  6.9639E+04  6.6329E+04  6.3388E+04  6.0764E+04  5.8411E+04  5.6266E+04
 4.00000000E-01  1.2426E+05  1.1624E+05  1.0932E+05  1.0328E+05  9.7964E+04  9.3268E+04  8.9099E+04  8.5380E+04  8.2043E+04  7.9006E+04
 5.00000000E-01  1.6485E+05  1.5415E+05  1.4488E+05  1.3680E+05  1.2970E+05  1.2342E+05  1.1785E+05  1.1288E+05  1.0843E+05  1.0438E+05
 6.00000000E-01  2.1100E+05  1.9717E+05  1.8520E+05  1.7476E+05  1.6559E+05  1.5749E+05  1.5030E+05  1.4389E+05  1.3815E+05  1.3294E+05
 7.00000000E-01  2.6408E+05  2.4657E+05  2.3142E+05  2.1821E+05  2.0662E+05  1.9639E+05  1.8731E+05  1.7922E+05  1.7197E+05  1.6540E+05
 8.00000000E-01  3.2597E+05  3.0407E+05  2.8512E+05  2.6861E+05  2.5413E+05  2.4136E+05  2.3004E+05  2.1996E+05  2.1093E+05  2.0276E+05
 9.00000000E-01  3.9929E+05  3.7203E+05  3.4847E+05  3.2796E+05  3.0998E+05  2.9415E+05  2.8012E+05  2.6763E+05  2.5646E+05  2.4636E+05
 1.00000000E+00  4.8783E+05  4.5393E+05  4.2463E+05  3.9916E+05  3.7686E+05  3.5723E+05  3.3986E+05  3.2441E+05  3.1059E+05  2.9814E+05
