 0.00000000E+00  0.0000E+00  0.0000E+00  0.0000E+00  0.0000E+00  0.0000E+00  0.0000E+00  0.0000E+00  0.0000E+00  0.0000E+00  0.0000E+00  0.0000E+00
 1.00000000E-01  3.1386E-04  3.0393E-04  2.9498E-04  2.8701E-04  2.7989E-04  2.7353E-04  2.6783E-04  2.6273E-04  2.5816E-04  2.5407E-04  2.5037E-04
 2.00000000E-01  6.5426E-04  6.3403E-04  6.1576E-04  5.9943E-04  5.8484E-04  5.7177E-04  5.6005E-04  5.4953E-04  5.4011E-04  5.3165E-04  5.2400E-04
 3.00000000E-01  1.0252E-03  9.9424E-04  9.6623E-04  9.4115E-04  9.1868E-04  8.9851E-04  8.8040E-04  8.6413E-04  8.4951E-04  8.3639E-04  8.2449E-04
 4.00000000E-01  1.4315E-03  1.3894E-03  1.3512E-03  1.3169E-03  1.2861E-03  1.2584E-03  1.2335E-03  1.2111E-03  1.1909E-03  1.1728E-03  1.1563E-03
 5.00000000E-01  1.8791E-03  1.8255E-03  1.7766E-03  1.7325E-03  1.6929E-03  1.6572E-03  1.6251E-03  1.5960E-03  1.5699E-03  1.5464E-03  1.5250E-03
 6.00000000E-01  2.3758E-03  2.3099E-03  2.2498E-03  2.1955E-03  2.1465E-03  2.1022E-03  2.0623E-03  2.0262E-03  1.9936E-03  1.9642E-03  1.9375E-03
 7.00000000E-01  2.9311E-03  2.8524E-03  2.7803E-03  2.7151E-03  2.6561E-03  2.6027E-03  2.5543E-03  2.5106E-03  2.4711E-03  2.4353E-03  2.4027E-03
 8.00000000E-01  3.5574E-03  3.4653E-03  3.3805E-03  3.3036E-03  3.2339E-03  3.1706E-03  3.1132E-03  3.0612E-03  3.0140E-03  2.9713E-03  2.9323E-03
 9.00000000E-01  4.2714E-03  4.1650E-03  4.0668E-03  3.9773E-03  3.8960E-03  3.8220E-03  3.7547E-03  3.6936E-03  3.6382E-03  3.5878E-03  3.5417E-03
 1.00000000E+00  5.0955E-03  4.9738E-03  4.8612E-03  4.7582E-03  4.6643E-03  4.5786E-03  4.5006E-03  4.4295E-03  4.3648E-03  4.3060E-03  4.2520E-03
